Vertices
15.587074 3.906080 -8.688918
15.559201 10.456080 -9.087520
15.559201 3.906080 -9.087520
15.559201 3.906080 -9.087520
15.559201 10.456080 -9.087520
15.587074 10.456080 -9.486122
15.559201 3.906080 -9.087520
15.587074 10.456080 -9.486122
15.587074 3.906080 -9.486122
15.587074 3.906080 -9.486122
15.587074 10.456080 -9.486122
15.670151 10.456080 -9.876966
15.587074 3.906080 -9.486122
15.670151 10.456080 -9.876966
15.670151 3.906080 -9.876966
15.670151 3.906080 -9.876966
15.670151 10.456080 -9.876966
15.806813 10.456080 -10.252444
15.670151 3.906080 -9.876966
15.806813 10.456080 -10.252444
15.806813 3.906080 -10.252444
15.806813 3.906080 -10.252444
15.806813 10.456080 -10.252444
15.994403 10.456080 -10.605248
15.806813 3.906080 -10.252444
15.994403 10.456080 -10.605248
15.994403 3.906080 -10.605248
15.994403 3.906080 -10.605248
15.994403 10.456080 -10.605248
16.229267 10.456080 -10.928513
15.994403 3.906080 -10.605248
16.229267 10.456080 -10.928513
16.229267 3.906080 -10.928513
16.229267 3.906080 -10.928513
16.229267 10.456080 -10.928513
16.506836 10.456080 -11.215943
16.229267 3.906080 -10.928513
16.506836 10.456080 -11.215943
16.506836 3.906080 -11.215943
16.506836 3.906080 -11.215943
16.506836 10.456080 -11.215943
16.821707 10.456080 -11.461946
16.506836 3.906080 -11.215943
16.821707 10.456080 -11.461946
16.821707 3.906080 -11.461946
16.821707 3.906080 -11.461946
16.821707 10.456080 -11.461946
17.167749 10.456080 -11.661734
16.821707 3.906080 -11.461946
17.167749 10.456080 -11.661734
17.167749 3.906080 -11.661734
17.167749 3.906080 -11.661734
17.167749 10.456080 -11.661734
17.538229 10.456080 -11.811418
17.167749 3.906080 -11.661734
17.538229 10.456080 -11.811418
17.538229 3.906080 -11.811418
17.538229 3.906080 -11.811418
17.538229 10.456080 -11.811418
17.925936 10.456080 -11.908084
17.538229 3.906080 -11.811418
17.925936 10.456080 -11.908084
17.925936 3.906080 -11.908084
17.925936 3.906080 -11.908084
17.925936 10.456080 -11.908084
18.323322 10.456080 -11.949851
17.925936 3.906080 -11.908084
18.323322 10.456080 -11.949851
18.323322 3.906080 -11.949851
18.323322 3.906080 -11.949851
18.323322 10.456080 -11.949851
18.722654 10.456080 -11.935905
18.323322 3.906080 -11.949851
18.722654 10.456080 -11.935905
18.722654 3.906080 -11.935905
18.722654 3.906080 -11.935905
18.722654 10.456080 -11.935905
19.116159 10.456080 -11.866520
18.722654 3.906080 -11.935905
19.116159 10.456080 -11.866520
19.116159 3.906080 -11.866520
19.116159 3.906080 -11.866520
19.116159 10.456080 -11.866520
19.496178 10.456080 -11.743045
19.116159 3.906080 -11.866520
19.496178 10.456080 -11.743045
19.496178 3.906080 -11.743045
19.496178 3.906080 -11.743045
19.496178 10.456080 -11.743045
19.855314 10.456080 -11.567883
19.496178 3.906080 -11.743045
19.855314 10.456080 -11.567883
19.855314 3.906080 -11.567883
19.855314 3.906080 -11.567883
19.855314 10.456080 -11.567883
20.186577 10.456080 -11.344442
19.855314 3.906080 -11.567883
20.186577 10.456080 -11.344442
20.186577 3.906080 -11.344442
20.186577 3.906080 -11.344442
20.186577 10.456080 -11.344442
20.483521 10.456080 -11.077074
20.186577 3.906080 -11.344442
20.483521 10.456080 -11.077074
20.483521 3.906080 -11.077074
20.483521 3.906080 -11.077074
20.483521 10.456080 -11.077074
20.740362 10.456080 -10.770982
20.483521 3.906080 -11.077074
20.740362 10.456080 -10.770982
20.740362 3.906080 -10.770982
20.740362 3.906080 -10.770982
20.740362 10.456080 -10.770982
20.952105 10.456080 -10.432122
20.740362 3.906080 -10.770982
20.952105 10.456080 -10.432122
20.952105 3.906080 -10.432122
20.952105 3.906080 -10.432122
20.952105 10.456080 -10.432122
21.114628 10.456080 -10.067092
20.952105 3.906080 -10.432122
21.114628 10.456080 -10.067092
21.114628 3.906080 -10.067092
21.114628 3.906080 -10.067092
21.114628 10.456080 -10.067092
21.224766 10.456080 -9.682995
21.114628 3.906080 -10.067092
21.224766 10.456080 -9.682995
21.224766 3.906080 -9.682995
21.224766 3.906080 -9.682995
21.224766 10.456080 -9.682995
21.280375 10.456080 -9.287308
21.224766 3.906080 -9.682995
21.280375 10.456080 -9.287308
21.280375 3.906080 -9.287308
21.280375 3.906080 -9.287308
21.280375 10.456080 -9.287308
21.280375 10.456080 -8.887733
21.280375 3.906080 -9.287308
21.280375 10.456080 -8.887733
21.280375 3.906080 -8.887733
21.280375 3.906080 -8.887733
21.280375 10.456080 -8.887733
21.224766 10.456080 -8.492045
21.280375 3.906080 -8.887733
21.224766 10.456080 -8.492045
21.224766 3.906080 -8.492045
21.224766 3.906080 -8.492045
21.224766 10.456080 -8.492045
21.114628 10.456080 -8.107948
21.224766 3.906080 -8.492045
21.114628 10.456080 -8.107948
21.114628 3.906080 -8.107948
21.114628 3.906080 -8.107948
21.114628 10.456080 -8.107948
20.952105 10.456080 -7.742918
21.114628 3.906080 -8.107948
20.952105 10.456080 -7.742918
20.952105 3.906080 -7.742918
20.952105 3.906080 -7.742918
20.952105 10.456080 -7.742918
20.740362 10.456080 -7.404059
20.952105 3.906080 -7.742918
20.740362 10.456080 -7.404059
20.740362 3.906080 -7.404059
20.740362 3.906080 -7.404059
20.740362 10.456080 -7.404059
20.483521 10.456080 -7.097966
20.740362 3.906080 -7.404059
20.483521 10.456080 -7.097966
20.483521 3.906080 -7.097966
20.483521 3.906080 -7.097966
20.483521 10.456080 -7.097966
20.186577 10.456080 -6.830598
20.483521 3.906080 -7.097966
20.186577 10.456080 -6.830598
20.186577 3.906080 -6.830598
20.186577 3.906080 -6.830598
20.186577 10.456080 -6.830598
19.855314 10.456080 -6.607158
20.186577 3.906080 -6.830598
19.855314 10.456080 -6.607158
19.855314 3.906080 -6.607158
19.855314 3.906080 -6.607158
19.855314 10.456080 -6.607158
19.496178 10.456080 -6.431995
19.855314 3.906080 -6.607158
19.496178 10.456080 -6.431995
19.496178 3.906080 -6.431995
19.496178 3.906080 -6.431995
19.496178 10.456080 -6.431995
19.116159 10.456080 -6.308520
19.496178 3.906080 -6.431995
19.116159 10.456080 -6.308520
19.116159 3.906080 -6.308520
19.116159 3.906080 -6.308520
19.116159 10.456080 -6.308520
18.722654 10.456080 -6.239134
19.116159 3.906080 -6.308520
18.722654 10.456080 -6.239134
18.722654 3.906080 -6.239134
18.722654 3.906080 -6.239134
18.722654 10.456080 -6.239134
18.323322 10.456080 -6.225189
18.722654 3.906080 -6.239134
18.323322 10.456080 -6.225189
18.323322 3.906080 -6.225189
18.323322 3.906080 -6.225189
18.323322 10.456080 -6.225189
17.925936 10.456080 -6.266956
18.323322 3.906080 -6.225189
17.925936 10.456080 -6.266956
17.925936 3.906080 -6.266956
17.925936 3.906080 -6.266956
17.925936 10.456080 -6.266956
17.538229 10.456080 -6.363623
17.925936 3.906080 -6.266956
17.538229 10.456080 -6.363623
17.538229 3.906080 -6.363623
17.538229 3.906080 -6.363623
17.538229 10.456080 -6.363623
17.167749 10.456080 -6.513306
17.538229 3.906080 -6.363623
17.167749 10.456080 -6.513306
17.167749 3.906080 -6.513306
17.167749 3.906080 -6.513306
17.167749 10.456080 -6.513306
16.821707 10.456080 -6.713094
17.167749 3.906080 -6.513306
16.821707 10.456080 -6.713094
16.821707 3.906080 -6.713094
16.821707 3.906080 -6.713094
16.821707 10.456080 -6.713094
16.506836 10.456080 -6.959097
16.821707 3.906080 -6.713094
16.506836 10.456080 -6.959097
16.506836 3.906080 -6.959097
16.506836 3.906080 -6.959097
16.506836 10.456080 -6.959097
16.229267 10.456080 -7.246528
16.506836 3.906080 -6.959097
16.229267 10.456080 -7.246528
16.229267 3.906080 -7.246528
16.229267 3.906080 -7.246528
16.229267 10.456080 -7.246528
15.994403 10.456080 -7.569791
16.229267 3.906080 -7.246528
15.994403 10.456080 -7.569791
15.994403 3.906080 -7.569791
15.994403 3.906080 -7.569791
15.994403 10.456080 -7.569791
15.806813 10.456080 -7.922596
15.994403 3.906080 -7.569791
15.806813 10.456080 -7.922596
15.806813 3.906080 -7.922596
15.806813 3.906080 -7.922596
15.806813 10.456080 -7.922596
15.670151 10.456080 -8.298074
15.806813 3.906080 -7.922596
15.670151 10.456080 -8.298074
15.670151 3.906080 -8.298074
15.670151 3.906080 -8.298074
15.670151 10.456080 -8.298074
15.587074 10.456080 -8.688918
15.670151 3.906080 -8.298074
15.587074 10.456080 -8.688918
15.587074 3.906080 -8.688918
15.587074 3.906080 -8.688918
15.587074 10.456080 -8.688918
15.559201 10.456080 -9.087520
17.167749 3.906080 -11.661734
17.925936 3.906080 -11.908084
16.821707 3.906080 -11.461946
16.821707 3.906080 -11.461946
17.925936 3.906080 -11.908084
18.323322 3.906080 -11.949851
16.821707 3.906080 -11.461946
18.323322 3.906080 -11.949851
16.506836 3.906080 -11.215943
16.506836 3.906080 -11.215943
18.323322 3.906080 -11.949851
18.722654 3.906080 -11.935905
16.506836 3.906080 -11.215943
18.722654 3.906080 -11.935905
16.229267 3.906080 -10.928513
16.229267 3.906080 -10.928513
18.722654 3.906080 -11.935905
19.116159 3.906080 -11.866520
16.229267 3.906080 -10.928513
19.116159 3.906080 -11.866520
15.994403 3.906080 -10.605248
15.994403 3.906080 -10.605248
19.116159 3.906080 -11.866520
19.496178 3.906080 -11.743045
15.994403 3.906080 -10.605248
19.496178 3.906080 -11.743045
15.806813 3.906080 -10.252444
15.806813 3.906080 -10.252444
19.496178 3.906080 -11.743045
19.855314 3.906080 -11.567883
15.806813 3.906080 -10.252444
19.855314 3.906080 -11.567883
15.670151 3.906080 -9.876966
15.670151 3.906080 -9.876966
19.855314 3.906080 -11.567883
20.186577 3.906080 -11.344442
15.670151 3.906080 -9.876966
20.186577 3.906080 -11.344442
15.587074 3.906080 -9.486122
15.587074 3.906080 -9.486122
20.186577 3.906080 -11.344442
20.483521 3.906080 -11.077074
15.587074 3.906080 -9.486122
20.483521 3.906080 -11.077074
15.559201 3.906080 -9.087520
15.559201 3.906080 -9.087520
20.483521 3.906080 -11.077074
20.740362 3.906080 -10.770982
15.559201 3.906080 -9.087520
20.740362 3.906080 -10.770982
15.587074 3.906080 -8.688918
15.587074 3.906080 -8.688918
20.740362 3.906080 -10.770982
20.952105 3.906080 -10.432122
15.587074 3.906080 -8.688918
20.952105 3.906080 -10.432122
15.670151 3.906080 -8.298074
15.670151 3.906080 -8.298074
20.952105 3.906080 -10.432122
21.114628 3.906080 -10.067092
15.670151 3.906080 -8.298074
21.114628 3.906080 -10.067092
15.806813 3.906080 -7.922596
15.806813 3.906080 -7.922596
21.114628 3.906080 -10.067092
21.224766 3.906080 -9.682995
15.806813 3.906080 -7.922596
21.224766 3.906080 -9.682995
15.994403 3.906080 -7.569791
15.994403 3.906080 -7.569791
21.224766 3.906080 -9.682995
21.280375 3.906080 -9.287308
15.994403 3.906080 -7.569791
21.280375 3.906080 -9.287308
16.229267 3.906080 -7.246528
16.229267 3.906080 -7.246528
21.280375 3.906080 -9.287308
21.280375 3.906080 -8.887733
16.229267 3.906080 -7.246528
21.280375 3.906080 -8.887733
16.506836 3.906080 -6.959097
16.506836 3.906080 -6.959097
21.280375 3.906080 -8.887733
21.224766 3.906080 -8.492045
16.506836 3.906080 -6.959097
21.224766 3.906080 -8.492045
16.821707 3.906080 -6.713094
16.821707 3.906080 -6.713094
21.224766 3.906080 -8.492045
21.114628 3.906080 -8.107948
16.821707 3.906080 -6.713094
21.114628 3.906080 -8.107948
17.167749 3.906080 -6.513306
17.167749 3.906080 -6.513306
21.114628 3.906080 -8.107948
20.952105 3.906080 -7.742918
17.167749 3.906080 -6.513306
20.952105 3.906080 -7.742918
17.538229 3.906080 -6.363623
17.538229 3.906080 -6.363623
20.952105 3.906080 -7.742918
20.740362 3.906080 -7.404059
17.538229 3.906080 -6.363623
20.740362 3.906080 -7.404059
17.925936 3.906080 -6.266956
17.925936 3.906080 -6.266956
20.740362 3.906080 -7.404059
20.483521 3.906080 -7.097966
17.925936 3.906080 -6.266956
20.483521 3.906080 -7.097966
18.323322 3.906080 -6.225189
18.323322 3.906080 -6.225189
20.483521 3.906080 -7.097966
20.186577 3.906080 -6.830598
18.323322 3.906080 -6.225189
20.186577 3.906080 -6.830598
18.722654 3.906080 -6.239134
18.722654 3.906080 -6.239134
20.186577 3.906080 -6.830598
19.855314 3.906080 -6.607158
18.722654 3.906080 -6.239134
19.855314 3.906080 -6.607158
19.116159 3.906080 -6.308520
19.116159 3.906080 -6.308520
19.855314 3.906080 -6.607158
19.496178 3.906080 -6.431995
17.167749 3.906080 -11.661734
17.538229 3.906080 -11.811418
17.925936 3.906080 -11.908084
19.116159 10.456080 -6.308520
19.855314 10.456080 -6.607158
18.722654 10.456080 -6.239134
18.722654 10.456080 -6.239134
19.855314 10.456080 -6.607158
20.186577 10.456080 -6.830598
18.722654 10.456080 -6.239134
20.186577 10.456080 -6.830598
18.323322 10.456080 -6.225189
18.323322 10.456080 -6.225189
20.186577 10.456080 -6.830598
20.483521 10.456080 -7.097966
18.323322 10.456080 -6.225189
20.483521 10.456080 -7.097966
17.925936 10.456080 -6.266956
17.925936 10.456080 -6.266956
20.483521 10.456080 -7.097966
20.740362 10.456080 -7.404059
17.925936 10.456080 -6.266956
20.740362 10.456080 -7.404059
17.538229 10.456080 -6.363623
17.538229 10.456080 -6.363623
20.740362 10.456080 -7.404059
20.952105 10.456080 -7.742918
17.538229 10.456080 -6.363623
20.952105 10.456080 -7.742918
17.167749 10.456080 -6.513306
17.167749 10.456080 -6.513306
20.952105 10.456080 -7.742918
21.114628 10.456080 -8.107948
17.167749 10.456080 -6.513306
21.114628 10.456080 -8.107948
16.821707 10.456080 -6.713094
16.821707 10.456080 -6.713094
21.114628 10.456080 -8.107948
21.224766 10.456080 -8.492045
16.821707 10.456080 -6.713094
21.224766 10.456080 -8.492045
16.506836 10.456080 -6.959097
16.506836 10.456080 -6.959097
21.224766 10.456080 -8.492045
21.280375 10.456080 -8.887733
16.506836 10.456080 -6.959097
21.280375 10.456080 -8.887733
16.229267 10.456080 -7.246528
16.229267 10.456080 -7.246528
21.280375 10.456080 -8.887733
21.280375 10.456080 -9.287308
16.229267 10.456080 -7.246528
21.280375 10.456080 -9.287308
15.994403 10.456080 -7.569791
15.994403 10.456080 -7.569791
21.280375 10.456080 -9.287308
21.224766 10.456080 -9.682995
15.994403 10.456080 -7.569791
21.224766 10.456080 -9.682995
15.806813 10.456080 -7.922596
15.806813 10.456080 -7.922596
21.224766 10.456080 -9.682995
21.114628 10.456080 -10.067092
15.806813 10.456080 -7.922596
21.114628 10.456080 -10.067092
15.670151 10.456080 -8.298074
15.670151 10.456080 -8.298074
21.114628 10.456080 -10.067092
20.952105 10.456080 -10.432122
15.670151 10.456080 -8.298074
20.952105 10.456080 -10.432122
15.587074 10.456080 -8.688918
15.587074 10.456080 -8.688918
20.952105 10.456080 -10.432122
20.740362 10.456080 -10.770982
15.587074 10.456080 -8.688918
20.740362 10.456080 -10.770982
15.559201 10.456080 -9.087520
15.559201 10.456080 -9.087520
20.740362 10.456080 -10.770982
20.483521 10.456080 -11.077074
15.559201 10.456080 -9.087520
20.483521 10.456080 -11.077074
15.587074 10.456080 -9.486122
15.587074 10.456080 -9.486122
20.483521 10.456080 -11.077074
20.186577 10.456080 -11.344442
15.587074 10.456080 -9.486122
20.186577 10.456080 -11.344442
15.670151 10.456080 -9.876966
15.670151 10.456080 -9.876966
20.186577 10.456080 -11.344442
19.855314 10.456080 -11.567883
15.670151 10.456080 -9.876966
19.855314 10.456080 -11.567883
15.806813 10.456080 -10.252444
15.806813 10.456080 -10.252444
19.855314 10.456080 -11.567883
19.496178 10.456080 -11.743045
15.806813 10.456080 -10.252444
19.496178 10.456080 -11.743045
15.994403 10.456080 -10.605248
15.994403 10.456080 -10.605248
19.496178 10.456080 -11.743045
19.116159 10.456080 -11.866520
15.994403 10.456080 -10.605248
19.116159 10.456080 -11.866520
16.229267 10.456080 -10.928513
16.229267 10.456080 -10.928513
19.116159 10.456080 -11.866520
18.722654 10.456080 -11.935905
16.229267 10.456080 -10.928513
18.722654 10.456080 -11.935905
16.506836 10.456080 -11.215943
16.506836 10.456080 -11.215943
18.722654 10.456080 -11.935905
18.323322 10.456080 -11.949851
16.506836 10.456080 -11.215943
18.323322 10.456080 -11.949851
16.821707 10.456080 -11.461946
16.821707 10.456080 -11.461946
18.323322 10.456080 -11.949851
17.925936 10.456080 -11.908084
16.821707 10.456080 -11.461946
17.925936 10.456080 -11.908084
17.167749 10.456080 -11.661734
17.167749 10.456080 -11.661734
17.925936 10.456080 -11.908084
17.538229 10.456080 -11.811418
19.116159 10.456080 -6.308520
19.496178 10.456080 -6.431995
19.855314 10.456080 -6.607158
Faces
0 1 2
3 4 5
6 7 8
9 10 11
12 13 14
15 16 17
18 19 20
21 22 23
24 25 26
27 28 29
30 31 32
33 34 35
36 37 38
39 40 41
42 43 44
45 46 47
48 49 50
51 52 53
54 55 56
57 58 59
60 61 62
63 64 65
66 67 68
69 70 71
72 73 74
75 76 77
78 79 80
81 82 83
84 85 86
87 88 89
90 91 92
93 94 95
96 97 98
99 100 101
102 103 104
105 106 107
108 109 110
111 112 113
114 115 116
117 118 119
120 121 122
123 124 125
126 127 128
129 130 131
132 133 134
135 136 137
138 139 140
141 142 143
144 145 146
147 148 149
150 151 152
153 154 155
156 157 158
159 160 161
162 163 164
165 166 167
168 169 170
171 172 173
174 175 176
177 178 179
180 181 182
183 184 185
186 187 188
189 190 191
192 193 194
195 196 197
198 199 200
201 202 203
204 205 206
207 208 209
210 211 212
213 214 215
216 217 218
219 220 221
222 223 224
225 226 227
228 229 230
231 232 233
234 235 236
237 238 239
240 241 242
243 244 245
246 247 248
249 250 251
252 253 254
255 256 257
258 259 260
261 262 263
264 265 266
267 268 269
270 271 272
273 274 275
276 277 278
279 280 281
282 283 284
285 286 287
288 289 290
291 292 293
294 295 296
297 298 299
300 301 302
303 304 305
306 307 308
309 310 311
312 313 314
315 316 317
318 319 320
321 322 323
324 325 326
327 328 329
330 331 332
333 334 335
336 337 338
339 340 341
342 343 344
345 346 347
348 349 350
351 352 353
354 355 356
357 358 359
360 361 362
363 364 365
366 367 368
369 370 371
372 373 374
375 376 377
378 379 380
381 382 383
384 385 386
387 388 389
390 391 392
393 394 395
396 397 398
399 400 401
402 403 404
405 406 407
408 409 410
411 412 413
414 415 416
417 418 419
420 421 422
423 424 425
426 427 428
429 430 431
432 433 434
435 436 437
438 439 440
441 442 443
444 445 446
447 448 449
450 451 452
453 454 455
456 457 458
459 460 461
462 463 464
465 466 467
468 469 470
471 472 473
474 475 476
477 478 479
480 481 482
483 484 485
486 487 488
489 490 491
492 493 494
495 496 497
498 499 500
501 502 503
504 505 506
507 508 509
510 511 512
513 514 515
516 517 518
519 520 521
522 523 524
525 526 527
